cam0:
  cam_overlaps: [1]
  camera_model: pinhole
  distortion_coeffs: [-0.08394907413032725, 0.007009491689815073, 0.00030678763098987866, 0.002378055084910331]
  distortion_model: radtan
  intrinsics: [368.82019560326995, 369.5382255914917, 477.66069551985345, 267.75087100589474]
  resolution: [896, 512]
  rostopic: /zedm/zed_node/right/image_rect_color
cam1:
  T_cn_cnm1:
  - [0.9999944435548398, 0.0033251220107065518, 0.00023753538143031041, 0.04906147355153178]
  - [-0.0033252645119717164, 0.9999942900526887, 0.0006020614103246559, -0.000813101417227044]
  - [-0.00023553209746853066, -0.0006028479329776551, 0.9999997905494771, 0.0009751345814168612]
  - [0.0, 0.0, 0.0, 1.0]
  cam_overlaps: [0]
  camera_model: pinhole
  distortion_coeffs: [-0.0800808596617461, 0.002826738256395078, 0.00037452015522339174, 0.004113971771778728]
  distortion_model: radtan
  intrinsics: [371.1897851022322, 372.2493337285106, 473.10494521498015, 268.9200093631702]
  resolution: [896, 512]
  rostopic: /zedm/zed_node/left/image_rect_color
