cam0:
  T_cam_imu:
  - [-0.11725866109292432, -0.8602106629365068, 0.4962741397343118, -0.0009479823491882803]
  - [-0.20854666181020642, 0.5099076876891826, 0.8345672171151294, -0.002891444032370328]
  - [-0.9709576181515418, -0.005636080713354752, -0.23918515494837572, 0.000612138762438542]
  - [0.0, 0.0, 0.0, 1.0]
  cam_overlaps: [1]
  camera_model: pinhole
  distortion_coeffs: [-0.08394907413032725, 0.007009491689815073, 0.00030678763098987866, 0.002378055084910331]
  distortion_model: radtan
  intrinsics: [368.82019560326995, 369.5382255914917, 477.66069551985345, 267.75087100589474]
  resolution: [896, 512]
  rostopic: /zedm/zed_node/right/image_rect_color
  timeshift_cam_imu: -2.8254237047250337
cam1:
  T_cam_imu:
  - [-0.11818208943522918, -0.858511716715951, 0.4989896051003009, 0.0481040274701751]
  - [-0.20874013106825184, 0.5127618108667322, 0.8327682048435079, -0.003701008102413938]
  - [-0.9708040746815665, -0.005740869106701407, -0.2398051104617398, 0.0015892395969719225]
  - [0.0, 0.0, 0.0, 1.0]
  T_cn_cnm1:
  - [0.9999944435548405, 0.0033251220107065518, 0.0002375353814303104, 0.04906147355153178]
  - [-0.0033252645119717164, 0.9999942900526894, 0.000602061410324656, -0.000813101417227044]
  - [-0.00023553209746853064, -0.0006028479329776552, 0.9999997905494777, 0.0009751345814168612]
  - [0.0, 0.0, 0.0, 1.0]
  cam_overlaps: [0]
  camera_model: pinhole
  distortion_coeffs: [-0.0800808596617461, 0.002826738256395078, 0.00037452015522339174, 0.004113971771778728]
  distortion_model: radtan
  intrinsics: [371.1897851022322, 372.2493337285106, 473.10494521498015, 268.9200093631702]
  resolution: [896, 512]
  rostopic: /zedm/zed_node/left/image_rect_color
  timeshift_cam_imu: -2.842165143341344
